0 1253 510 1170 300 1304 447 100 849 762 1000 1315 1300 1360 1315
1253 0 1005 1000 1140 728 1345 1304 1300 806 539 825 632 283 447
510 1005 0 1345 224 1342 906 608 1208 283 583 1389 1300 1204 1237
1170 1000 1345 0 1304 361 900 1140 539 1360 1300 283 447 825 632
300 1140 224 1304 0 1360 728 400 1082 500 781 1393 1334 1304 1304
1304 728 1342 361 1360 0 1140 1300 860 1281 1140 100 100 500 300
447 1345 906 900 728 1140 0 361 447 1105 1265 1118 1170 1360 1253
100 1304 608 1140 400 1300 361 0 781 854 1082 1304 1304 1393 1334
849 1300 1208 539 1082 860 447 781 0 1334 1400 806 922 1221 1063
762 806 283 1360 500 1281 1105 854 1334 0 316 1345 1221 1044 1118
1000 539 583 1300 781 1140 1265 1082 1400 316 0 1221 1063 806 922
1315 825 1389 283 1393 100 1118 1304 806 1345 1221 0 200 600 400
1300 632 1300 447 1334 100 1170 1304 922 1221 1063 200 0 400 200
1360 283 1204 825 1304 500 1360 1393 1221 1044 806 600 400 0 200
1315 447 1237 632 1304 300 1253 1334 1063 1118 922 400 200 200 0
